0,0.35049930214881897
